users 0.5 0.1 -0.3 0.2 0.4 -0.1 0.3 -0.2 0.1 0.0
posts 0.4 -0.2 0.3 0.1 -0.1 0.5 -0.3 0.2 0.0 0.1
comments 0.3 -0.1 0.2 -0.3 0.1 0.4 0.0 -0.2 0.5 0.1
name 0.2 0.4 -0.1 0.3 -0.2 0.0 0.5 0.1 -0.3 0.2
age 0.1 0.3 0.2 -0.4 0.0 -0.1 0.2 0.5 -0.2 0.3
email 0.3 0.2 -0.4 0.1 0.5 -0.2 0.0 0.3 -0.1 0.4
title 0.4 -0.3 0.1 0.2 -0.1 0.3 -0.2 0.0 0.5 -0.1
content 0.2 -0.1 0.4 -0.2 0.3 0.0 0.1 -0.3 0.2 0.5
text 0.3 0.0 -0.2 0.4 -0.1 0.2 -0.3 0.5 0.1 -0.2
created 0.1 -0.2 0.3 0.0 0.2 -0.4 0.5 -0.1 0.3 -0.3
author 0.0 0.3 -0.1 0.5 -0.3 0.2 0.1 -0.2 0.4 0.0
post 0.4 -0.2 0.3 0.1 -0.1 0.5 -0.3 0.2 0.0 0.1
older 0.1 0.2 0.3 -0.1 -0.4 0.0 0.5 -0.2 0.1 0.3
than -0.1 0.1 0.2 -0.3 0.0 0.4 -0.2 0.3 -0.1 0.5
containing 0.2 -0.3 0.1 0.4 -0.2 0.0 0.3 -0.1 0.5 -0.4
hello 0.3 0.1 -0.2 0.0 0.4 -0.3 0.2 0.5 -0.1 0.0
named -0.1 0.4 0.0 0.2 -0.3 0.5 -0.2 0.1 0.3 -0.1
john 0.0 0.5 -0.1 0.3 -0.2 0.1 0.4 -0.3 0.2 0.0
texts 0.3 0.0 -0.2 0.4 -0.1 0.2 -0.3 0.5 0.1 -0.2
emails 0.3 0.2 -0.4 0.1 0.5 -0.2 0.0 0.3 -0.1 0.4
names 0.2 0.4 -0.1 0.3 -0.2 0.0 0.5 0.1 -0.3 0.2
titles 0.4 -0.3 0.1 0.2 -0.1 0.3 -0.2 0.0 0.5 -0.1
like -0.2 0.1 0.3 -0.1 0.4 0.0 -0.3 0.2 0.5 -0.2
gmail 0.1 -0.1 0.2 0.3 -0.4 0.5 0.0 -0.2 0.1 0.3
before -0.3 0.2 0.0 0.4 -0.1 0.3 -0.2 0.1 0.5 -0.4
newest 0.2 -0.4 0.3 0.0 0.1 -0.2 0.5 0.3 -0.1 0.4
limit 0.0 0.1 -0.3 0.2 0.5 -0.1 0.3 -0.4 0.2 0.0
select 0.5 0.0 -0.1 0.2 -0.3 0.4 0.1 -0.2 0.3 -0.1
order -0.1 0.3 0.2 -0.2 0.0 0.5 -0.4 0.1 -0.1 0.3
by 0.0 0.1 -0.1 0.3 -0.2 0.2 0.4 -0.3 0.0 0.5
show 0.4 0.2 -0.3 0.1 0.0 -0.1 0.3 0.5 -0.2 0.1
me 0.1 0.3 -0.2 0.0 0.4 -0.3 0.2 -0.1 0.5 0.0
all 0.2 0.0 0.1 -0.3 0.5 -0.2 0.4 0.1 -0.1 0.3
get 0.3 -0.1 0.2 0.4 -0.3 0.0 0.1 -0.2 0.5 -0.1
find 0.3 -0.1 0.2 0.4 -0.3 0.0 0.1 -0.2 0.5 -0.1
